148
010|Brazil|RJ|Duque-de-Caxias|2017-07-26         0.0000000 0.0200383 0.0083330 0.0083935 0.0243947 0.0093819 0.0215393 0.0232579 0.0125738 0.0092118 0.0138073 0.0256202 0.0106660 0.0095287 0.0072865 0.0254568 0.0076589 0.0116683 0.0127062 0.0106525 0.0087272 0.0237480 0.0100172 0.0063530 0.0095599 0.0230318 0.0244758 0.0032099 0.0244473 0.0083256 0.0200202 0.0123619 0.0168104 0.0186053 0.0114845 0.0136089 0.0145929 0.0114710 0.0114989 0.0097819 0.0104217 0.0287026 0.0286814 0.0297843 0.0297843 0.0243482 0.0214673 0.0266128 0.0237866 0.0213666 0.0231618 0.0208053 0.0342387 0.0298566 0.0243240 0.0264707 0.0243240 0.0232519 0.0287048 0.0253967 0.0252732 0.0206736 0.0237761 0.0318789 0.0286378 0.0286385 0.0307956 0.0297177 0.0286399 0.0292944 0.0303555 0.0298168 0.0275253 0.0277000 0.0285223 0.0278861 0.0234652 0.0248346 0.0241436 0.0260101 0.0283947 0.0290000 0.0279423 0.0219706 0.0231240 0.0199035 0.0178862 0.0146934 0.0211347 0.0221966 0.0318382 0.0270243 0.0332128 0.0307169 0.0285328 0.0362981 0.0286736 0.0243635 0.0382146 0.0335587 0.0291607 0.0179072 0.0179398 0.0189739 0.0253967 0.0157594 0.0168172 0.0157562 0.0254072 0.0243807 0.0243135 0.0243135 0.0254051 0.0122413 0.0133380 0.0146597 0.0151985 0.0120904 0.0119622 0.0127416 0.0101293 0.0100713 0.0128924 0.0128224 0.0078357 0.0084065 0.0070490 0.0105557 0.0135076 0.0135412 0.0068879 0.0135389 0.0163481 0.0130939 0.0113811 0.0068176 0.0114544 0.0076351 0.0249755 0.0039708 0.0134933 0.0145892 0.0199660 0.0130140 0.0143212 0.0162798 0.0165057 0.0162144 
053|Brazil|RJ|Duque-de-Caxias|2018-03-01         0.0200383 0.0000000 0.0133618 0.0216325 0.0241426 0.0164865 0.0079089 0.0085665 0.0223015 0.0166237 0.0279181 0.0250956 0.0210143 0.0233584 0.0145657 0.0233358 0.0196217 0.0166218 0.0245479 0.0232872 0.0247008 0.0083012 0.0270100 0.0218183 0.0244656 0.0101765 0.0086490 0.0202095 0.0260371 0.0235449 0.0047339 0.0246668 0.0124520 0.0150345 0.0229772 0.0249533 0.0271132 0.0229795 0.0230131 0.0232867 0.0210161 0.0229725 0.0229573 0.0249144 0.0239432 0.0190717 0.0226471 0.0225979 0.0227577 0.0182112 0.0234891 0.0223625 0.0279201 0.0239950 0.0210457 0.0229839 0.0210457 0.0200776 0.0249908 0.0220143 0.0213618 0.0165656 0.0211429 0.0258353 0.0229261 0.0229267 0.0258334 0.0238954 0.0229276 0.0263838 0.0285750 0.0280733 0.0279496 0.0261467 0.0268565 0.0301389 0.0253536 0.0273341 0.0255934 0.0272890 0.0354197 0.0311584 0.0268222 0.0216293 0.0224278 0.0198760 0.0142476 0.0104083 0.0210870 0.0220277 0.0233333 0.0245788 0.0216493 0.0230023 0.0180177 0.0278472 0.0239722 0.0191825 0.0274811 0.0198775 0.0245287 0.0142629 0.0125309 0.0142489 0.0220143 0.0133130 0.0142695 0.0133105 0.0220224 0.0210899 0.0220057 0.0220057 0.0269485 0.0212768 0.0231343 0.0247255 0.0245744 0.0186588 0.0179609 0.0200298 0.0186301 0.0175581 0.0204567 0.0177777 0.0242212 0.0258438 0.0252645 0.0261484 0.0283279 0.0273766 0.0238643 0.0353479 0.0315169 0.0274476 0.0289903 0.0250089 0.0271539 0.0293852 0.0249742 0.0166655 0.0125659 0.0115918 0.0138506 0.0109827 0.0095093 0.0120430 0.0144706 0.0099922 
057|Brazil|RJ|Duque-de-Caxias|2018-03-08         0.0083330 0.0133618 0.0000000 0.0097322 0.0242225 0.0047743 0.0197970 0.0200947 0.0104952 0.0098433 0.0156415 0.0250172 0.0088671 0.0109968 0.0047909 0.0232601 0.0085779 0.0048188 0.0126404 0.0129555 0.0137937 0.0198570 0.0149028 0.0112473 0.0130675 0.0204985 0.0201974 0.0083668 0.0260123 0.0125648 0.0162055 0.0110772 0.0123907 0.0149921 0.0103327 0.0122408 0.0143816 0.0103339 0.0103486 0.0099735 0.0084358 0.0228597 0.0228447 0.0247921 0.0238257 0.0189784 0.0214911 0.0246332 0.0226226 0.0193406 0.0233538 0.0222447 0.0277825 0.0238770 0.0209425 0.0228711 0.0209425 0.0199792 0.0248677 0.0219063 0.0213296 0.0196686 0.0225502 0.0257087 0.0228139 0.0228144 0.0257068 0.0237783 0.0228154 0.0276749 0.0284309 0.0279292 0.0278735 0.0260121 0.0277942 0.0288553 0.0241622 0.0260505 0.0243001 0.0260080 0.0334081 0.0298698 0.0255661 0.0204550 0.0212084 0.0186182 0.0141781 0.0103577 0.0209833 0.0219195 0.0257289 0.0234430 0.0311660 0.0240801 0.0225245 0.0289529 0.0238544 0.0190903 0.0302134 0.0262324 0.0244224 0.0141933 0.0139305 0.0141793 0.0219063 0.0132479 0.0141997 0.0132455 0.0219143 0.0209862 0.0218978 0.0218978 0.0268157 0.0092947 0.0103733 0.0116295 0.0120858 0.0080418 0.0075877 0.0087767 0.0083393 0.0086659 0.0100678 0.0080706 0.0088939 0.0093025 0.0098838 0.0127888 0.0137947 0.0153512 0.0077768 0.0162833 0.0182461 0.0134172 0.0135062 0.0089637 0.0120984 0.0107224 0.0261482 0.0063208 0.0102011 0.0115390 0.0163441 0.0109091 0.0108590 0.0132389 0.0143624 0.0114045 
066|Brazil|RJ|Duque-de-Caxias|2018-03-15         0.0083935 0.0216325 0.0097322 0.0000000 0.0289591 0.0107743 0.0236244 0.0246120 0.0067913 0.0099632 0.0180149 0.0296585 0.0110675 0.0040097 0.0108157 0.0279713 0.0075790 0.0129828 0.0129431 0.0150884 0.0095477 0.0236194 0.0151022 0.0134538 0.0133308 0.0251073 0.0268944 0.0084461 0.0285962 0.0019502 0.0226005 0.0135881 0.0188153 0.0211012 0.0136231 0.0156080 0.0137133 0.0136246 0.0136447 0.0123154 0.0096980 0.0296872 0.0296667 0.0317023 0.0306946 0.0256289 0.0276866 0.0350345 0.0308380 0.0288352 0.0313979 0.0285381 0.0338295 0.0297542 0.0276916 0.0297026 0.0276916 0.0266870 0.0318038 0.0286966 0.0302991 0.0248464 0.0304955 0.0326433 0.0296247 0.0296254 0.0326408 0.0306305 0.0296267 0.0340560 0.0336104 0.0331825 0.0346309 0.0312058 0.0320829 0.0329714 0.0282380 0.0301588 0.0284310 0.0301079 0.0321964 0.0340143 0.0318134 0.0267605 0.0272974 0.0251093 0.0206164 0.0166236 0.0247067 0.0267039 0.0333609 0.0283150 0.0372082 0.0319181 0.0310385 0.0374051 0.0307324 0.0257830 0.0398335 0.0351823 0.0311706 0.0206396 0.0186392 0.0206184 0.0286966 0.0196583 0.0206495 0.0196546 0.0287076 0.0277523 0.0286849 0.0286849 0.0338372 0.0166064 0.0180682 0.0195628 0.0191924 0.0117691 0.0142115 0.0169348 0.0135320 0.0151951 0.0171294 0.0165208 0.0029823 0.0080819 0.0083726 0.0115449 0.0077169 0.0064908 0.0078971 0.0091384 0.0170793 0.0137855 0.0109359 0.0065239 0.0073957 0.0072541 0.0317633 0.0064626 0.0163728 0.0188439 0.0244265 0.0168826 0.0167671 0.0198105 0.0198449 0.0160147 
079|Brazil|RJ|Duque-de-Caxias|2018-03-22         0.0243947 0.0241426 0.0242225 0.0289591 0.0000000 0.0276024 0.0283935 0.0292241 0.0314705 0.0235006 0.0353102 0.0019658 0.0283478 0.0287361 0.0255955 0.0311919 0.0264134 0.0277331 0.0318390 0.0308609 0.0269823 0.0276213 0.0327213 0.0293937 0.0320105 0.0259473 0.0295426 0.0247726 0.0049209 0.0287409 0.0241980 0.0344496 0.0233503 0.0262063 0.0310672 0.0330917 0.0379197 0.0310699 0.0311164 0.0339645 0.0290534 0.0200925 0.0200793 0.0210612 0.0210612 0.0181550 0.0204803 0.0249029 0.0212270 0.0181547 0.0206143 0.0185321 0.0270120 0.0211065 0.0181389 0.0200698 0.0181389 0.0171745 0.0220615 0.0191038 0.0199444 0.0179859 0.0224163 0.0249288 0.0220154 0.0220160 0.0249270 0.0229861 0.0220169 0.0225055 0.0215830 0.0219650 0.0198229 0.0200282 0.0216326 0.0235028 0.0194511 0.0217253 0.0198975 0.0216900 0.0245568 0.0234251 0.0246016 0.0203987 0.0223470 0.0186205 0.0250819 0.0211410 0.0143161 0.0114034 0.0246409 0.0255816 0.0233023 0.0231235 0.0165420 0.0266643 0.0211151 0.0182603 0.0261188 0.0250189 0.0257353 0.0211421 0.0168458 0.0133261 0.0191038 0.0123512 0.0133064 0.0123490 0.0210451 0.0181767 0.0210292 0.0210292 0.0220119 0.0323623 0.0340857 0.0359388 0.0360940 0.0294653 0.0299595 0.0315472 0.0291866 0.0265740 0.0310436 0.0262353 0.0338103 0.0330216 0.0342349 0.0323158 0.0378127 0.0342602 0.0295233 0.0414080 0.0392552 0.0322688 0.0349849 0.0333899 0.0336210 0.0352956 0.0058371 0.0272439 0.0242837 0.0222673 0.0268335 0.0221858 0.0234216 0.0243911 0.0243953 0.0232337 
083|Brazil|RJ|Duque-de-Caxias|2018-03-27         0.0093819 0.0164865 0.0047743 0.0107743 0.0276024 0.0000000 0.0212103 0.0213252 0.0135431 0.0099279 0.0167780 0.0283538 0.0119629 0.0120915 0.0038650 0.0245529 0.0119224 0.0059013 0.0138476 0.0161283 0.0149281 0.0199993 0.0150229 0.0123800 0.0142722 0.0206390 0.0234762 0.0094972 0.0272005 0.0127196 0.0193394 0.0123350 0.0136213 0.0163288 0.0124767 0.0144316 0.0158697 0.0124782 0.0124937 0.0132043 0.0105340 0.0243067 0.0242903 0.0262807 0.0252935 0.0203396 0.0219578 0.0252158 0.0229765 0.0196056 0.0237361 0.0241249 0.0293407 0.0253492 0.0223488 0.0243190 0.0223488 0.0213648 0.0263628 0.0233334 0.0214778 0.0197472 0.0227023 0.0272140 0.0242568 0.0242574 0.0272120 0.0252421 0.0242584 0.0295258 0.0300400 0.0295474 0.0283945 0.0275941 0.0294540 0.0303221 0.0254975 0.0275008 0.0257524 0.0274552 0.0319140 0.0313548 0.0269911 0.0217506 0.0225684 0.0199206 0.0154350 0.0115314 0.0223935 0.0233478 0.0249698 0.0238667 0.0282226 0.0256249 0.0242997 0.0282359 0.0253245 0.0204597 0.0290152 0.0279164 0.0246868 0.0154519 0.0156279 0.0154364 0.0233334 0.0144872 0.0154591 0.0144845 0.0233422 0.0223966 0.0233242 0.0233242 0.0283533 0.0117145 0.0125460 0.0138494 0.0143956 0.0092507 0.0089183 0.0110555 0.0101171 0.0099752 0.0124050 0.0094989 0.0074658 0.0093854 0.0099686 0.0128833 0.0139971 0.0154601 0.0078395 0.0145943 0.0183792 0.0147169 0.0136311 0.0091027 0.0121977 0.0090088 0.0275226 0.0076407 0.0114761 0.0139602 0.0177208 0.0121442 0.0109198 0.0145425 0.0157584 0.0144016 
089|Brazil|RJ|Duque-de-Caxias|2018-03-29         0.0215393 0.0079089 0.0197970 0.0236244 0.0283935 0.0212103 0.0000000 0.0019589 0.0263045 0.0178916 0.0307221 0.0287324 0.0251146 0.0242087 0.0171630 0.0254891 0.0251660 0.0233881 0.0256220 0.0277566 0.0272099 0.0094233 0.0282265 0.0264970 0.0269765 0.0082516 0.0088821 0.0213632 0.0276140 0.0243332 0.0068997 0.0266440 0.0168844 0.0199518 0.0277946 0.0298559 0.0282207 0.0277972 0.0278396 0.0285748 0.0247458 0.0267623 0.0267439 0.0287773 0.0277696 0.0237264 0.0267418 0.0239556 0.0283796 0.0228824 0.0305755 0.0273401 0.0329434 0.0278322 0.0257885 0.0278031 0.0257885 0.0247821 0.0267959 0.0267952 0.0246652 0.0218461 0.0260989 0.0307762 0.0277500 0.0267257 0.0297648 0.0277315 0.0277519 0.0303235 0.0326842 0.0322384 0.0318305 0.0291933 0.0311597 0.0335030 0.0289994 0.0306469 0.0288998 0.0294429 0.0359738 0.0345542 0.0288980 0.0250257 0.0254790 0.0231107 0.0187073 0.0147107 0.0237763 0.0258048 0.0269240 0.0274887 0.0278943 0.0273754 0.0189405 0.0314336 0.0257894 0.0228488 0.0317379 0.0247705 0.0265025 0.0177128 0.0172660 0.0187091 0.0267952 0.0177440 0.0187373 0.0177407 0.0268056 0.0258450 0.0257780 0.0257780 0.0309240 0.0230135 0.0241247 0.0255864 0.0254667 0.0191837 0.0183972 0.0229962 0.0202751 0.0179821 0.0197565 0.0197726 0.0258170 0.0263153 0.0255261 0.0268471 0.0288292 0.0269255 0.0255383 0.0353803 0.0319534 0.0281263 0.0291249 0.0250332 0.0278185 0.0294121 0.0293783 0.0198053 0.0165921 0.0155306 0.0195714 0.0136334 0.0126137 0.0160671 0.0171923 0.0128314 
092|Brazil|RJ|Duque-de-Caxias|2018-03-29         0.0232579 0.0085665 0.0200947 0.0246120 0.0292241 0.0213252 0.0019589 0.0000000 0.0291505 0.0199514 0.0327633 0.0302263 0.0280983 0.0264645 0.0194665 0.0276482 0.0262669 0.0236319 0.0296721 0.0284561 0.0280015 0.0103690 0.0303457 0.0270812 0.0277293 0.0091454 0.0114919 0.0234331 0.0291018 0.0264178 0.0075411 0.0298455 0.0172632 0.0205605 0.0277989 0.0297893 0.0305247 0.0278014 0.0278424 0.0296109 0.0258248 0.0258131 0.0257960 0.0277555 0.0267841 0.0238696 0.0278315 0.0245196 0.0312281 0.0254519 0.0317540 0.0286555 0.0327748 0.0268423 0.0258615 0.0278071 0.0258615 0.0248896 0.0298344 0.0268338 0.0267897 0.0226991 0.0254398 0.0306569 0.0277366 0.0277373 0.0306547 0.0287097 0.0277384 0.0316363 0.0325162 0.0320835 0.0335371 0.0301693 0.0320772 0.0342537 0.0299826 0.0315297 0.0298731 0.0314778 0.0352582 0.0352600 0.0287309 0.0262003 0.0265543 0.0245696 0.0190209 0.0151587 0.0259127 0.0268502 0.0295415 0.0284536 0.0277600 0.0285492 0.0208582 0.0336335 0.0288021 0.0240084 0.0342286 0.0273705 0.0290588 0.0190416 0.0181471 0.0190226 0.0268338 0.0180909 0.0190504 0.0180876 0.0268438 0.0259162 0.0268233 0.0268233 0.0318007 0.0248355 0.0273826 0.0290708 0.0290913 0.0221859 0.0218458 0.0256990 0.0203609 0.0200979 0.0227256 0.0205085 0.0256560 0.0284985 0.0251615 0.0260216 0.0306348 0.0286155 0.0251452 0.0351872 0.0314069 0.0307236 0.0288854 0.0247771 0.0295800 0.0292540 0.0310570 0.0218617 0.0182361 0.0162605 0.0202445 0.0153064 0.0149927 0.0169248 0.0180193 0.0128772 
097|Brazil|RJ|Duque-de-Caxias|2018-04-02         0.0125738 0.0223015 0.0104952 0.0067913 0.0314705 0.0135431 0.0263045 0.0291505 0.0000000 0.0143329 0.0187712 0.0313195 0.0098756 0.0080040 0.0116531 0.0288288 0.0075313 0.0137382 0.0137439 0.0180794 0.0148896 0.0286766 0.0193821 0.0165198 0.0183270 0.0301246 0.0273733 0.0126438 0.0323251 0.0097218 0.0251798 0.0164625 0.0214634 0.0240033 0.0163014 0.0182640 0.0179914 0.0163032 0.0163269 0.0172430 0.0124245 0.0321724 0.0321505 0.0341603 0.0331662 0.0281645 0.0314801 0.0346183 0.0363810 0.0309720 0.0367840 0.0331306 0.0362666 0.0322442 0.0302050 0.0321889 0.0302050 0.0292139 0.0342684 0.0311965 0.0325361 0.0290314 0.0313765 0.0350833 0.0321054 0.0321062 0.0350807 0.0330978 0.0321076 0.0372809 0.0361073 0.0357304 0.0380004 0.0337924 0.0358434 0.0336949 0.0290866 0.0309188 0.0292247 0.0308672 0.0336672 0.0347179 0.0325415 0.0276162 0.0280724 0.0259137 0.0232156 0.0192712 0.0282817 0.0292323 0.0364921 0.0298530 0.0397827 0.0347361 0.0338056 0.0390676 0.0332063 0.0283314 0.0421063 0.0370205 0.0319733 0.0232415 0.0228212 0.0232178 0.0311965 0.0222749 0.0232525 0.0222708 0.0312084 0.0302706 0.0311840 0.0311840 0.0362748 0.0176380 0.0200025 0.0214554 0.0200106 0.0139106 0.0166326 0.0189351 0.0151689 0.0188600 0.0204106 0.0163123 0.0029521 0.0080030 0.0082783 0.0128761 0.0063116 0.0089549 0.0104580 0.0090262 0.0197989 0.0147239 0.0122062 0.0077637 0.0085030 0.0071657 0.0324591 0.0076244 0.0173103 0.0198329 0.0241230 0.0177597 0.0178340 0.0206963 0.0219466 0.0172714 
099|Brazil|RJ|Duque-de-Caxias|2018-04-02         0.0092118 0.0166237 0.0098433 0.0099632 0.0235006 0.0099279 0.0178916 0.0199514 0.0143329 0.0000000 0.0167374 0.0236123 0.0125123 0.0101337 0.0055069 0.0193252 0.0126287 0.0109955 0.0146350 0.0178928 0.0102219 0.0169723 0.0161441 0.0147089 0.0170991 0.0158947 0.0200223 0.0080531 0.0224579 0.0099118 0.0188171 0.0177401 0.0155505 0.0185668 0.0175439 0.0197923 0.0166499 0.0164388 0.0175670 0.0197520 0.0131150 0.0231733 0.0231557 0.0242926 0.0242926 0.0186924 0.0201553 0.0162028 0.0196648 0.0181501 0.0175648 0.0202079 0.0289014 0.0220935 0.0198192 0.0220487 0.0198192 0.0198186 0.0220487 0.0209333 0.0174338 0.0150067 0.0184736 0.0242742 0.0220389 0.0209082 0.0242729 0.0220228 0.0220406 0.0269610 0.0284813 0.0278978 0.0263080 0.0256628 0.0277877 0.0260632 0.0214973 0.0227652 0.0219791 0.0240229 0.0253612 0.0247224 0.0235509 0.0171993 0.0184927 0.0162541 0.0176000 0.0131417 0.0198638 0.0198330 0.0228676 0.0215321 0.0254914 0.0258360 0.0214271 0.0286482 0.0232060 0.0188037 0.0290550 0.0265325 0.0229638 0.0164896 0.0140909 0.0142404 0.0209333 0.0120366 0.0131367 0.0120341 0.0209416 0.0187295 0.0198103 0.0198103 0.0209404 0.0119973 0.0144335 0.0158824 0.0164838 0.0090566 0.0082809 0.0136410 0.0084692 0.0081119 0.0113859 0.0075734 0.0113826 0.0103356 0.0133742 0.0145446 0.0156375 0.0146953 0.0115913 0.0201497 0.0223082 0.0165411 0.0162689 0.0098978 0.0136427 0.0119106 0.0238151 0.0083628 0.0129965 0.0144464 0.0198295 0.0126991 0.0103461 0.0162281 0.0163497 0.0123166 
101|Brazil|RJ|Duque-de-Caxias|2018-04-02         0.0138073 0.0279181 0.0156415 0.0180149 0.0353102 0.0167780 0.0307221 0.0327633 0.0187712 0.0167374 0.0000000 0.0349430 0.0150902 0.0164515 0.0148844 0.0348111 0.0187249 0.0191792 0.0149182 0.0110650 0.0204865 0.0287395 0.0106734 0.0156437 0.0113062 0.0313547 0.0330096 0.0149664 0.0338061 0.0199445 0.0306677 0.0220507 0.0248361 0.0277978 0.0195225 0.0215286 0.0279264 0.0195246 0.0195537 0.0082090 0.0165439 0.0336418 0.0336184 0.0356608 0.0346512 0.0295687 0.0319302 0.0329305 0.0352558 0.0299721 0.0356863 0.0337076 0.0388216 0.0347300 0.0316444 0.0336593 0.0316444 0.0306377 0.0357756 0.0326513 0.0329932 0.0274827 0.0288015 0.0376319 0.0346017 0.0335713 0.0376290 0.0345785 0.0346041 0.0355933 0.0356028 0.0352114 0.0375211 0.0332436 0.0353592 0.0340041 0.0296261 0.0312049 0.0283474 0.0300212 0.0324632 0.0350360 0.0339549 0.0292913 0.0294357 0.0274866 0.0265911 0.0225621 0.0296939 0.0306572 0.0384748 0.0313289 0.0396674 0.0348899 0.0320733 0.0392041 0.0346936 0.0297466 0.0405372 0.0372082 0.0334818 0.0245941 0.0185114 0.0245434 0.0326513 0.0235881 0.0245806 0.0235837 0.0326640 0.0317142 0.0326380 0.0326380 0.0378141 0.0178337 0.0225418 0.0239500 0.0225857 0.0188282 0.0182583 0.0214861 0.0207038 0.0203444 0.0194697 0.0152228 0.0104988 0.0122073 0.0135618 0.0160212 0.0192571 0.0209835 0.0133059 0.0185979 0.0215723 0.0206221 0.0165916 0.0131147 0.0173406 0.0147490 0.0341516 0.0090616 0.0198939 0.0189298 0.0245461 0.0202042 0.0224316 0.0234391 0.0232495 0.0204903 
114|Brazil|RJ|Duque-de-Caxias|2018-04-05         0.0256202 0.0250956 0.0250172 0.0296585 0.0019658 0.0283538 0.0287324 0.0302263 0.0313195 0.0236123 0.0349430 0.0000000 0.0279722 0.0290158 0.0254245 0.0311784 0.0274939 0.0286621 0.0318586 0.0310185 0.0283225 0.0278648 0.0328731 0.0294194 0.0326117 0.0261652 0.0292628 0.0256724 0.0049235 0.0286162 0.0250333 0.0358511 0.0241911 0.0267446 0.0322392 0.0343434 0.0355112 0.0322420 0.0322921 0.0339964 0.0301465 0.0208388 0.0208246 0.0228496 0.0218439 0.0188284 0.0212965 0.0236094 0.0220461 0.0187402 0.0200233 0.0181156 0.0270080 0.0208853 0.0188110 0.0208144 0.0188110 0.0178105 0.0228831 0.0198121 0.0215910 0.0198950 0.0241665 0.0258568 0.0228335 0.0228341 0.0248466 0.0238407 0.0228351 0.0234654 0.0224058 0.0228280 0.0205155 0.0208176 0.0203168 0.0241859 0.0187463 0.0223731 0.0205014 0.0223355 0.0245959 0.0252381 0.0253116 0.0209081 0.0229883 0.0177280 0.0260217 0.0219299 0.0138344 0.0138104 0.0256934 0.0253942 0.0210911 0.0241992 0.0173014 0.0278428 0.0239204 0.0189443 0.0272113 0.0261598 0.0278202 0.0208985 0.0188591 0.0138183 0.0198121 0.0128065 0.0137972 0.0128042 0.0218266 0.0188517 0.0218094 0.0218094 0.0269298 0.0323629 0.0348689 0.0364755 0.0367629 0.0297813 0.0314343 0.0332973 0.0307175 0.0281947 0.0311382 0.0279966 0.0354297 0.0344641 0.0363664 0.0341692 0.0397819 0.0362445 0.0311197 0.0433821 0.0411128 0.0341048 0.0363862 0.0348935 0.0352112 0.0372294 0.0070736 0.0289529 0.0263405 0.0237146 0.0284721 0.0228125 0.0251823 0.0259257 0.0260961 0.0245600 
116|Brazil|RJ|Duque-de-Caxias|2018-04-05         0.0106660 0.0210143 0.0088671 0.0110675 0.0283478 0.0119629 0.0251146 0.0280983 0.0098756 0.0125123 0.0150902 0.0279722 0.0000000 0.0091651 0.0100108 0.0282826 0.0099223 0.0121330 0.0059150 0.0165670 0.0153050 0.0250831 0.0143570 0.0147258 0.0166862 0.0265499 0.0262036 0.0085659 0.0290716 0.0141434 0.0240011 0.0127587 0.0199259 0.0222640 0.0148552 0.0168785 0.0114470 0.0148385 0.0148792 0.0155097 0.0078795 0.0291173 0.0290969 0.0311610 0.0301389 0.0250025 0.0279760 0.0289998 0.0315840 0.0267812 0.0306281 0.0288856 0.0333168 0.0291838 0.0270930 0.0291326 0.0270930 0.0260742 0.0312621 0.0281122 0.0275443 0.0275960 0.0290350 0.0310957 0.0280376 0.0290558 0.0310933 0.0300752 0.0280395 0.0274186 0.0307839 0.0302944 0.0275799 0.0282940 0.0302279 0.0300985 0.0248688 0.0271895 0.0242130 0.0259959 0.0291273 0.0311618 0.0300611 0.0246084 0.0254868 0.0228016 0.0209501 0.0179154 0.0251091 0.0260909 0.0309569 0.0266621 0.0304879 0.0294213 0.0248165 0.0322607 0.0301093 0.0250174 0.0351666 0.0295725 0.0278323 0.0209976 0.0173277 0.0199221 0.0281122 0.0189472 0.0199525 0.0189437 0.0281233 0.0271532 0.0281007 0.0281007 0.0333245 0.0167673 0.0182246 0.0196675 0.0204622 0.0154560 0.0156835 0.0170221 0.0173994 0.0166910 0.0184601 0.0167183 0.0090556 0.0054340 0.0068108 0.0132151 0.0145182 0.0145490 0.0080191 0.0149515 0.0159205 0.0092681 0.0097327 0.0079882 0.0124979 0.0111402 0.0293809 0.0091421 0.0178757 0.0166242 0.0246785 0.0183199 0.0197832 0.0212014 0.0227074 0.0162325 
117|Brazil|RJ|Duque-de-Caxias|2018-04-05         0.0095287 0.0233584 0.0109968 0.0040097 0.0287361 0.0120915 0.0242087 0.0264645 0.0080040 0.0101337 0.0164515 0.0290158 0.0091651 0.0000000 0.0111073 0.0281068 0.0053896 0.0143498 0.0111581 0.0165218 0.0087316 0.0230870 0.0153426 0.0146571 0.0146047 0.0246333 0.0275324 0.0095343 0.0280181 0.0060258 0.0233224 0.0139815 0.0201300 0.0213575 0.0139979 0.0160386 0.0151019 0.0129756 0.0140208 0.0145983 0.0099616 0.0294183 0.0293974 0.0314835 0.0304507 0.0242350 0.0270760 0.0334101 0.0315917 0.0280988 0.0277140 0.0278012 0.0336633 0.0294863 0.0273728 0.0294339 0.0273728 0.0263433 0.0315869 0.0284028 0.0276215 0.0283867 0.0291857 0.0335059 0.0304064 0.0293555 0.0335033 0.0303856 0.0304085 0.0317717 0.0332216 0.0327571 0.0322847 0.0307415 0.0316736 0.0324059 0.0273180 0.0295361 0.0277670 0.0294855 0.0322763 0.0323055 0.0312296 0.0258112 0.0266414 0.0240887 0.0211650 0.0180987 0.0243134 0.0263604 0.0325660 0.0278396 0.0366471 0.0316362 0.0302805 0.0356914 0.0304204 0.0252778 0.0391637 0.0345578 0.0305280 0.0222365 0.0175511 0.0201261 0.0284028 0.0191415 0.0201572 0.0191378 0.0284140 0.0274343 0.0283910 0.0283910 0.0336712 0.0179334 0.0193130 0.0207897 0.0204629 0.0140467 0.0155364 0.0181866 0.0167913 0.0165231 0.0184137 0.0180954 0.0060112 0.0094627 0.0085108 0.0131852 0.0104229 0.0091979 0.0093313 0.0110471 0.0187780 0.0150340 0.0137432 0.0092108 0.0087107 0.0091337 0.0306414 0.0090098 0.0178874 0.0202110 0.0259779 0.0183200 0.0194745 0.0211705 0.0214174 0.0176388 
120|Brazil|RJ|Duque-de-Caxias|2018-04-16         0.0072865 0.0145657 0.0047909 0.0108157 0.0255955 0.0038650 0.0171630 0.0194665 0.0116531 0.0055069 0.0148844 0.0254245 0.0100108 0.0111073 0.0000000 0.0202615 0.0086392 0.0058704 0.0118404 0.0141265 0.0127410 0.0190309 0.0128350 0.0102855 0.0131546 0.0185620 0.0195825 0.0073760 0.0242453 0.0126758 0.0174487 0.0134002 0.0116831 0.0141934 0.0124990 0.0144573 0.0193947 0.0125004 0.0125134 0.0132695 0.0105527 0.0223769 0.0223619 0.0243501 0.0233633 0.0184147 0.0198806 0.0209751 0.0202554 0.0172691 0.0210660 0.0203110 0.0274028 0.0234147 0.0204189 0.0223883 0.0204189 0.0194353 0.0244260 0.0214031 0.0174766 0.0152030 0.0184701 0.0252871 0.0223311 0.0223317 0.0252852 0.0233159 0.0223326 0.0270959 0.0280565 0.0275370 0.0258166 0.0255755 0.0274011 0.0271596 0.0221809 0.0242806 0.0224686 0.0242404 0.0287762 0.0270617 0.0238215 0.0184422 0.0194005 0.0165314 0.0135145 0.0096157 0.0204596 0.0214162 0.0225733 0.0208942 0.0252775 0.0233951 0.0197898 0.0259693 0.0233921 0.0185233 0.0264274 0.0241440 0.0212153 0.0135292 0.0141227 0.0135157 0.0214031 0.0125637 0.0135355 0.0125614 0.0214111 0.0204624 0.0213946 0.0213946 0.0223950 0.0094206 0.0115700 0.0128620 0.0133244 0.0069353 0.0077050 0.0099952 0.0067223 0.0074366 0.0101724 0.0068346 0.0075698 0.0095014 0.0101379 0.0130712 0.0140822 0.0156215 0.0079484 0.0148667 0.0186437 0.0136563 0.0138053 0.0091798 0.0122999 0.0091749 0.0240534 0.0063944 0.0103350 0.0105170 0.0152969 0.0088209 0.0082326 0.0120986 0.0132802 0.0115460 
126|Brazil|RJ|Duque-de-Caxias|2018-04-17         0.0254568 0.0233358 0.0232601 0.0279713 0.0311919 0.0245529 0.0254891 0.0276482 0.0288288 0.0193252 0.0348111 0.0311784 0.0282826 0.0281068 0.0202615 0.0000000 0.0277565 0.0267329 0.0302724 0.0334436 0.0302989 0.0268789 0.0322046 0.0294738 0.0327595 0.0241671 0.0287945 0.0262046 0.0301407 0.0292389 0.0265560 0.0309246 0.0199740 0.0210230 0.0319137 0.0341341 0.0296751 0.0307930 0.0319543 0.0322764 0.0286351 0.0286427 0.0286215 0.0297217 0.0297217 0.0243163 0.0273959 0.0235981 0.0275273 0.0258009 0.0296558 0.0309732 0.0341857 0.0276109 0.0265246 0.0286805 0.0265246 0.0265239 0.0276019 0.0276019 0.0210986 0.0209633 0.0253735 0.0307558 0.0285998 0.0286006 0.0307541 0.0296780 0.0286019 0.0310496 0.0359585 0.0355457 0.0323132 0.0323022 0.0333014 0.0306965 0.0239158 0.0276255 0.0269595 0.0287942 0.0292779 0.0293565 0.0282302 0.0211224 0.0246152 0.0202992 0.0210546 0.0178529 0.0265526 0.0276207 0.0291706 0.0271945 0.0340183 0.0282692 0.0276556 0.0313224 0.0275376 0.0243171 0.0325268 0.0296536 0.0255557 0.0210795 0.0195893 0.0200152 0.0276019 0.0189844 0.0200475 0.0189806 0.0286924 0.0276669 0.0275900 0.0275900 0.0286900 0.0238354 0.0262606 0.0278105 0.0289145 0.0247645 0.0198185 0.0249031 0.0219522 0.0212685 0.0228018 0.0202935 0.0215442 0.0210558 0.0248676 0.0261413 0.0258664 0.0265954 0.0249319 0.0302807 0.0329433 0.0279813 0.0265704 0.0227985 0.0260086 0.0242840 0.0301676 0.0213496 0.0199334 0.0183857 0.0227492 0.0168214 0.0127455 0.0192048 0.0207456 0.0144506 
128|Brazil|RJ|Duque-de-Caxias|2018-04-19         0.0076589 0.0196217 0.0085779 0.0075790 0.0264134 0.0119224 0.0251660 0.0262669 0.0075313 0.0126287 0.0187249 0.0274939 0.0099223 0.0053896 0.0086392 0.0277565 0.0000000 0.0086098 0.0142411 0.0141426 0.0088990 0.0276319 0.0159115 0.0097150 0.0153275 0.0272728 0.0263378 0.0076250 0.0286007 0.0064407 0.0228917 0.0127785 0.0184177 0.0192884 0.0139908 0.0161877 0.0151386 0.0128906 0.0140088 0.0146690 0.0118177 0.0295668 0.0295442 0.0306816 0.0306816 0.0250969 0.0246350 0.0310935 0.0284528 0.0251497 0.0242194 0.0263272 0.0364246 0.0296179 0.0250719 0.0272857 0.0250719 0.0250712 0.0261781 0.0261781 0.0291828 0.0232536 0.0260700 0.0306349 0.0284103 0.0284111 0.0306332 0.0295227 0.0284124 0.0292045 0.0324518 0.0319357 0.0289150 0.0285937 0.0306793 0.0301571 0.0258151 0.0270290 0.0263580 0.0270029 0.0341204 0.0300592 0.0302207 0.0229340 0.0252027 0.0221094 0.0195294 0.0162331 0.0228874 0.0239830 0.0331935 0.0256420 0.0293292 0.0293172 0.0266954 0.0351148 0.0272927 0.0239730 0.0369443 0.0321897 0.0290742 0.0195532 0.0198176 0.0206544 0.0261781 0.0173340 0.0184255 0.0173304 0.0272973 0.0262413 0.0261665 0.0261665 0.0272950 0.0154512 0.0173905 0.0188311 0.0182953 0.0112305 0.0150488 0.0169621 0.0151484 0.0132781 0.0159993 0.0135437 0.0093784 0.0115025 0.0128595 0.0174341 0.0123627 0.0128247 0.0127327 0.0154307 0.0231132 0.0160799 0.0170698 0.0122876 0.0104926 0.0133905 0.0282979 0.0081077 0.0179376 0.0165219 0.0223594 0.0160146 0.0160973 0.0197925 0.0213775 0.0179615 
130|Brazil|RJ|Duque-de-Caxias|2018-04-19         0.0116683 0.0166218 0.0048188 0.0129828 0.0277331 0.0059013 0.0233881 0.0236319 0.0137382 0.0109955 0.0191792 0.0286621 0.0121330 0.0143498 0.0058704 0.0267329 0.0086098 0.0000000 0.0158499 0.0164051 0.0171190 0.0211883 0.0173564 0.0144238 0.0164294 0.0230467 0.0238308 0.0116326 0.0296104 0.0158531 0.0195898 0.0155871 0.0156903 0.0187269 0.0135246 0.0154949 0.0205853 0.0135261 0.0135459 0.0153607 0.0125461 0.0264585 0.0264405 0.0274543 0.0274543 0.0224521 0.0242535 0.0312593 0.0280404 0.0238352 0.0271786 0.0256320 0.0315454 0.0275155 0.0234917 0.0254776 0.0234917 0.0234911 0.0285403 0.0244841 0.0200784 0.0197393 0.0226613 0.0283926 0.0254118 0.0254124 0.0283904 0.0264049 0.0254135 0.0324185 0.0323030 0.0318556 0.0315976 0.0298927 0.0318416 0.0319458 0.0283866 0.0302810 0.0285484 0.0302297 0.0323800 0.0329885 0.0297000 0.0233446 0.0251817 0.0228082 0.0175006 0.0135584 0.0245336 0.0254935 0.0291568 0.0271590 0.0357400 0.0281890 0.0265490 0.0322459 0.0274881 0.0225856 0.0341826 0.0310093 0.0276174 0.0175200 0.0139777 0.0175022 0.0244841 0.0165478 0.0175282 0.0165448 0.0254873 0.0245370 0.0254674 0.0254674 0.0264802 0.0144049 0.0149120 0.0163360 0.0168862 0.0116978 0.0089350 0.0135293 0.0066970 0.0126557 0.0149410 0.0111199 0.0075281 0.0108041 0.0137836 0.0162840 0.0153735 0.0198573 0.0107717 0.0147687 0.0219215 0.0150137 0.0137505 0.0091775 0.0134920 0.0091151 0.0277091 0.0076287 0.0139787 0.0154121 0.0207185 0.0145743 0.0122918 0.0172246 0.0184822 0.0114969 
134|Brazil|RJ|Duque-de-Caxias|2018-04-19         0.0127062 0.0245479 0.0126404 0.0129431 0.0318390 0.0138476 0.0256220 0.0296721 0.0137439 0.0146350 0.0149182 0.0318586 0.0059150 0.0111581 0.0118404 0.0302724 0.0142411 0.0158499 0.0000000 0.0205674 0.0173472 0.0257785 0.0151809 0.0166781 0.0184656 0.0272341 0.0289859 0.0106470 0.0307728 0.0158918 0.0276208 0.0145558 0.0215495 0.0241613 0.0164791 0.0184635 0.0204428 0.0164809 0.0165052 0.0162613 0.0096429 0.0284594 0.0284399 0.0304561 0.0294575 0.0264245 0.0295802 0.0311286 0.0325082 0.0288961 0.0314963 0.0294996 0.0355790 0.0295234 0.0284747 0.0304718 0.0284747 0.0274770 0.0325603 0.0294727 0.0286994 0.0258551 0.0288214 0.0333899 0.0303923 0.0303930 0.0333874 0.0313912 0.0303944 0.0294560 0.0322661 0.0318186 0.0298857 0.0298581 0.0306884 0.0308014 0.0257177 0.0279429 0.0250203 0.0267636 0.0288835 0.0318419 0.0285241 0.0254518 0.0262400 0.0237858 0.0224554 0.0194822 0.0265350 0.0274943 0.0317321 0.0291927 0.0366444 0.0300476 0.0275695 0.0341312 0.0314750 0.0265615 0.0361853 0.0304897 0.0287298 0.0225054 0.0197042 0.0214471 0.0294727 0.0204949 0.0214793 0.0204911 0.0294840 0.0285368 0.0294608 0.0294608 0.0345796 0.0191091 0.0201721 0.0217217 0.0225954 0.0176751 0.0182764 0.0191764 0.0225304 0.0190869 0.0207051 0.0209199 0.0090103 0.0054079 0.0067657 0.0146159 0.0156450 0.0157063 0.0093051 0.0167380 0.0172660 0.0114754 0.0110513 0.0092509 0.0136021 0.0110504 0.0316086 0.0116676 0.0200272 0.0202054 0.0286036 0.0204028 0.0224290 0.0234861 0.0249740 0.0205872 
143|Brazil|RJ|Duque-de-Caxias|2018-04-30         0.0106525 0.0232872 0.0129555 0.0150884 0.0308609 0.0161283 0.0277566 0.0284561 0.0180794 0.0178928 0.0110650 0.0310185 0.0165670 0.0165218 0.0141265 0.0334436 0.0141426 0.0164051 0.0205674 0.0000000 0.0171788 0.0292022 0.0085345 0.0125118 0.0050807 0.0285340 0.0284405 0.0127110 0.0320886 0.0161461 0.0242703 0.0193464 0.0223591 0.0247977 0.0189877 0.0210404 0.0176204 0.0189898 0.0190187 0.0062489 0.0169500 0.0335156 0.0334917 0.0355882 0.0345518 0.0293352 0.0306435 0.0367459 0.0367169 0.0323673 0.0371208 0.0335594 0.0377898 0.0335936 0.0314651 0.0335335 0.0314651 0.0304318 0.0346657 0.0324987 0.0352817 0.0304664 0.0310818 0.0365747 0.0334673 0.0324117 0.0355359 0.0334444 0.0334697 0.0379289 0.0376604 0.0372958 0.0385576 0.0341880 0.0363617 0.0361635 0.0315448 0.0333234 0.0316038 0.0320978 0.0342179 0.0372307 0.0349670 0.0299534 0.0303083 0.0281298 0.0241761 0.0200650 0.0283990 0.0304518 0.0356813 0.0311082 0.0387156 0.0352783 0.0288205 0.0411881 0.0324991 0.0284645 0.0443688 0.0391317 0.0333465 0.0231555 0.0192127 0.0241785 0.0324987 0.0231976 0.0242161 0.0231931 0.0325117 0.0315364 0.0314520 0.0314520 0.0367561 0.0166613 0.0229361 0.0243750 0.0230016 0.0154775 0.0170825 0.0218841 0.0150421 0.0178889 0.0171881 0.0139267 0.0136473 0.0137650 0.0117891 0.0161792 0.0212421 0.0228520 0.0132419 0.0185389 0.0229446 0.0211694 0.0151281 0.0118403 0.0190169 0.0128137 0.0362036 0.0105835 0.0216775 0.0166506 0.0220902 0.0195582 0.0214969 0.0237738 0.0225301 0.0158153 
149|Brazil|RJ|Duque-de-Caxias|2018-04-30         0.0087272 0.0247008 0.0137937 0.0095477 0.0269823 0.0149281 0.0272099 0.0280015 0.0148896 0.0102219 0.0204865 0.0283225 0.0153050 0.0087316 0.0127410 0.0302989 0.0088990 0.0171190 0.0173472 0.0171788 0.0000000 0.0260560 0.0157478 0.0130121 0.0163700 0.0244768 0.0304062 0.0087711 0.0270813 0.0084713 0.0257830 0.0195658 0.0216685 0.0241380 0.0159193 0.0180910 0.0200974 0.0159213 0.0159469 0.0158059 0.0137700 0.0312825 0.0312589 0.0323817 0.0323817 0.0268535 0.0267485 0.0325577 0.0262631 0.0263431 0.0272436 0.0257115 0.0358098 0.0313596 0.0257378 0.0279162 0.0257378 0.0257371 0.0312849 0.0268264 0.0286974 0.0244578 0.0258134 0.0323087 0.0290232 0.0301171 0.0312105 0.0312122 0.0290254 0.0321361 0.0332360 0.0327414 0.0286701 0.0294360 0.0315233 0.0311176 0.0271685 0.0280229 0.0273789 0.0279960 0.0306640 0.0310550 0.0336967 0.0242659 0.0249988 0.0234649 0.0236107 0.0192345 0.0235887 0.0246667 0.0341332 0.0286593 0.0380175 0.0338209 0.0329924 0.0386353 0.0291072 0.0259124 0.0412284 0.0375542 0.0312706 0.0225238 0.0199427 0.0213902 0.0268264 0.0181209 0.0191951 0.0181172 0.0279279 0.0257691 0.0268146 0.0268146 0.0279256 0.0179527 0.0209794 0.0224822 0.0220683 0.0152817 0.0190512 0.0206814 0.0170615 0.0171960 0.0183796 0.0176108 0.0094526 0.0142375 0.0146235 0.0172892 0.0149966 0.0155421 0.0113908 0.0176120 0.0230520 0.0196769 0.0173023 0.0123379 0.0130330 0.0155239 0.0296661 0.0123155 0.0216399 0.0215330 0.0278435 0.0196229 0.0191484 0.0238722 0.0238789 0.0211452 
152|Brazil|RJ|Duque-de-Caxias|2018-05-03         0.0237480 0.0083012 0.0198570 0.0236194 0.0276213 0.0199993 0.0094233 0.0103690 0.0286766 0.0169723 0.0287395 0.0278648 0.0250831 0.0230870 0.0190309 0.0268789 0.0276319 0.0211883 0.0257785 0.0292022 0.0260560 0.0000000 0.0287509 0.0274793 0.0284930 0.0073632 0.0051534 0.0223416 0.0266557 0.0254282 0.0082547 0.0257874 0.0177889 0.0209450 0.0271394 0.0293055 0.0296717 0.0271421 0.0271856 0.0301213 0.0228929 0.0260335 0.0260147 0.0281496 0.0270913 0.0217790 0.0246290 0.0225221 0.0226529 0.0221900 0.0238989 0.0271331 0.0314377 0.0271554 0.0218287 0.0239358 0.0218287 0.0218282 0.0261211 0.0228817 0.0246174 0.0217068 0.0260836 0.0291679 0.0259955 0.0249233 0.0281077 0.0259775 0.0259974 0.0305269 0.0322415 0.0317635 0.0320806 0.0296708 0.0318033 0.0326759 0.0277603 0.0296747 0.0278274 0.0296215 0.0336049 0.0337759 0.0290728 0.0223713 0.0243006 0.0216000 0.0197004 0.0154883 0.0229052 0.0250077 0.0289682 0.0255903 0.0214729 0.0273993 0.0178794 0.0289011 0.0271267 0.0219195 0.0294037 0.0283465 0.0263974 0.0186526 0.0148768 0.0165246 0.0228817 0.0155097 0.0165507 0.0155067 0.0250012 0.0229085 0.0228720 0.0228720 0.0282509 0.0267014 0.0274962 0.0290753 0.0290952 0.0224007 0.0215634 0.0249268 0.0258499 0.0224718 0.0242837 0.0207546 0.0254471 0.0258153 0.0274325 0.0268487 0.0299375 0.0281122 0.0255276 0.0371971 0.0341513 0.0293788 0.0305702 0.0248843 0.0287172 0.0289370 0.0299280 0.0216324 0.0184638 0.0177100 0.0231730 0.0154848 0.0156288 0.0191331 0.0191330 0.0162444 
155|Brazil|RJ|Duque-de-Caxias|2018-05-03         0.0100172 0.0270100 0.0149028 0.0151022 0.0327213 0.0150229 0.0282265 0.0303457 0.0193821 0.0161441 0.0106734 0.0328731 0.0143570 0.0153426 0.0128350 0.0322046 0.0159115 0.0173564 0.0151809 0.0085345 0.0157478 0.0287509 0.0000000 0.0121400 0.0075465 0.0283331 0.0303683 0.0100156 0.0304995 0.0159424 0.0269273 0.0159426 0.0237894 0.0265387 0.0180350 0.0202117 0.0228528 0.0180371 0.0180663 0.0078119 0.0137307 0.0345147 0.0344885 0.0367168 0.0356156 0.0300726 0.0287160 0.0350036 0.0333775 0.0299682 0.0347935 0.0313464 0.0401700 0.0357040 0.0300943 0.0322827 0.0300943 0.0290012 0.0334771 0.0311878 0.0320249 0.0296174 0.0290906 0.0366624 0.0333650 0.0322451 0.0355600 0.0333407 0.0333675 0.0358483 0.0377535 0.0373423 0.0361349 0.0340423 0.0363448 0.0370636 0.0323185 0.0328024 0.0322624 0.0327709 0.0324076 0.0369731 0.0370835 0.0306170 0.0296600 0.0286878 0.0257080 0.0213312 0.0279400 0.0301143 0.0358990 0.0306285 0.0396024 0.0371569 0.0316441 0.0417255 0.0334353 0.0291521 0.0445453 0.0366607 0.0350735 0.0246220 0.0220613 0.0245964 0.0311878 0.0224343 0.0235127 0.0224297 0.0322963 0.0301312 0.0289892 0.0289892 0.0345868 0.0205961 0.0232147 0.0247494 0.0233003 0.0162882 0.0168209 0.0208116 0.0189086 0.0200018 0.0196136 0.0164012 0.0145115 0.0116893 0.0127023 0.0158240 0.0223220 0.0212377 0.0083678 0.0175571 0.0215387 0.0197902 0.0146199 0.0097265 0.0199961 0.0115852 0.0356086 0.0098182 0.0217961 0.0180808 0.0270133 0.0208093 0.0226439 0.0253479 0.0251474 0.0186013 
157|Brazil|RJ|Duque-de-Caxias|2018-05-07         0.0063530 0.0218183 0.0112473 0.0134538 0.0293937 0.0123800 0.0264970 0.0270812 0.0165198 0.0147089 0.0156437 0.0294194 0.0147258 0.0146571 0.0102855 0.0294738 0.0097150 0.0144238 0.0166781 0.0125118 0.0130121 0.0274793 0.0121400 0.0000000 0.0115347 0.0269728 0.0292954 0.0084442 0.0283227 0.0123547 0.0249344 0.0165631 0.0185374 0.0193713 0.0143270 0.0164167 0.0167068 0.0143104 0.0143510 0.0106566 0.0132897 0.0291315 0.0291104 0.0301904 0.0301904 0.0259381 0.0255882 0.0230374 0.0296305 0.0263345 0.0287375 0.0260032 0.0356470 0.0302621 0.0248617 0.0269652 0.0248617 0.0248611 0.0302145 0.0259129 0.0289945 0.0250134 0.0276061 0.0312045 0.0280327 0.0280335 0.0301444 0.0290895 0.0280347 0.0314610 0.0318607 0.0313811 0.0316661 0.0293121 0.0301888 0.0297718 0.0256335 0.0280052 0.0261580 0.0279559 0.0330820 0.0308666 0.0310244 0.0229019 0.0250693 0.0221348 0.0195943 0.0164605 0.0227857 0.0248775 0.0338661 0.0287801 0.0363190 0.0325225 0.0297860 0.0371085 0.0312413 0.0259575 0.0390772 0.0345724 0.0315273 0.0196169 0.0159693 0.0206637 0.0259129 0.0175072 0.0185449 0.0175038 0.0269761 0.0259723 0.0269538 0.0269538 0.0280278 0.0157798 0.0198146 0.0212162 0.0219193 0.0143150 0.0156708 0.0185200 0.0151134 0.0152970 0.0174500 0.0141913 0.0123659 0.0124482 0.0141677 0.0166790 0.0186588 0.0204487 0.0123781 0.0209530 0.0224137 0.0178696 0.0168554 0.0120935 0.0163802 0.0150408 0.0282504 0.0078075 0.0194996 0.0181283 0.0238042 0.0174541 0.0182951 0.0213066 0.0228418 0.0203729 
159|Brazil|RJ|Duque-de-Caxias|2018-05-07         0.0095599 0.0244656 0.0130675 0.0133308 0.0320105 0.0142722 0.0269765 0.0277293 0.0183270 0.0170991 0.0113062 0.0326117 0.0166862 0.0146047 0.0131546 0.0327595 0.0153275 0.0164294 0.0184656 0.0050807 0.0163700 0.0284930 0.0075465 0.0115347 0.0000000 0.0277567 0.0299212 0.0117417 0.0314495 0.0162838 0.0256627 0.0151299 0.0214272 0.0237196 0.0171348 0.0192002 0.0201229 0.0171368 0.0171555 0.0062785 0.0150840 0.0328015 0.0327779 0.0338468 0.0338468 0.0285856 0.0287216 0.0366577 0.0346370 0.0305462 0.0350969 0.0312022 0.0381640 0.0339264 0.0296909 0.0317753 0.0296909 0.0286498 0.0329112 0.0307325 0.0312680 0.0274951 0.0284477 0.0348174 0.0316886 0.0316895 0.0337715 0.0327312 0.0316909 0.0338436 0.0358593 0.0354414 0.0341069 0.0323044 0.0343747 0.0346172 0.0294747 0.0316821 0.0298943 0.0304347 0.0332523 0.0345011 0.0334070 0.0279190 0.0286578 0.0259766 0.0223273 0.0192369 0.0276387 0.0297097 0.0346176 0.0303951 0.0432235 0.0331225 0.0294652 0.0390515 0.0317757 0.0277029 0.0421970 0.0382127 0.0315386 0.0223529 0.0176773 0.0233847 0.0307325 0.0223938 0.0234214 0.0223895 0.0317880 0.0308027 0.0296785 0.0296785 0.0307424 0.0157428 0.0198729 0.0212793 0.0196765 0.0130656 0.0132970 0.0173884 0.0152275 0.0165661 0.0161707 0.0128146 0.0109187 0.0113053 0.0103566 0.0134988 0.0190779 0.0203543 0.0094371 0.0152214 0.0204625 0.0179219 0.0140565 0.0094175 0.0167352 0.0093907 0.0341107 0.0066687 0.0183429 0.0169631 0.0225438 0.0175212 0.0188090 0.0213250 0.0214404 0.0174705 
161|Brazil|RJ|Duque-de-Caxias|2018-05-07         0.0230318 0.0101765 0.0204985 0.0251073 0.0259473 0.0206390 0.0082516 0.0091454 0.0301246 0.0158947 0.0313547 0.0261652 0.0265499 0.0246333 0.0185620 0.0241671 0.0272728 0.0230467 0.0272341 0.0285340 0.0244768 0.0073632 0.0283331 0.0269728 0.0277567 0.0000000 0.0121974 0.0231682 0.0238985 0.0261087 0.0091374 0.0310124 0.0175098 0.0206053 0.0288237 0.0309643 0.0316816 0.0288264 0.0288721 0.0294673 0.0256535 0.0245875 0.0245701 0.0266677 0.0256273 0.0204075 0.0219548 0.0221153 0.0256828 0.0219925 0.0282339 0.0241663 0.0298946 0.0256869 0.0214883 0.0235620 0.0214883 0.0204527 0.0246688 0.0225246 0.0219469 0.0201812 0.0247329 0.0276708 0.0245523 0.0234992 0.0266287 0.0245356 0.0245541 0.0269060 0.0295498 0.0290301 0.0283781 0.0269671 0.0278013 0.0308357 0.0257609 0.0278668 0.0260265 0.0278180 0.0291908 0.0307188 0.0273154 0.0217741 0.0226531 0.0197598 0.0193940 0.0152485 0.0204515 0.0235774 0.0259973 0.0241027 0.0260769 0.0257087 0.0189409 0.0296601 0.0256604 0.0205370 0.0320270 0.0253603 0.0258641 0.0183626 0.0163921 0.0152430 0.0225246 0.0142430 0.0152667 0.0142402 0.0235714 0.0225753 0.0235522 0.0235522 0.0288538 0.0259523 0.0279255 0.0294707 0.0294221 0.0217557 0.0200353 0.0258111 0.0206874 0.0194429 0.0234776 0.0171407 0.0252147 0.0269588 0.0263525 0.0274785 0.0313019 0.0287219 0.0275351 0.0343564 0.0330159 0.0301341 0.0302003 0.0260526 0.0298808 0.0302625 0.0287593 0.0202759 0.0182698 0.0171090 0.0199762 0.0151202 0.0128768 0.0176299 0.0175321 0.0132417 
